0.25,0.25,0.25,0.25
-nan(ind),-nan(ind),-nan(ind),-nan(ind)
0.970874,0.00970874,0.00970874,0.00970874
0.970874,0.00970874,0.00970874,0.00970874
0.970874,0.00970874,0.00970874,0.00970874
0.970874,0.00970874,0.00970874,0.00970874
0.970874,0.00970874,0.00970874,0.00970874
0.970874,0.00970874,0.00970874,0.00970874
0.970874,0.00970874,0.00970874,0.00970874
0.970874,0.00970874,0.00970874,0.00970874
0.970874,0.00970874,0.00970874,0.00970874
0.970874,0.00970874,0.00970874,0.00970874
0.970874,0.00970874,0.00970874,0.00970874
0.970874,0.00970874,0.00970874,0.00970874
0.970874,0.00970874,0.00970874,0.00970874
0.970874,0.00970874,0.00970874,0.00970874
0.970874,0.00970874,0.00970874,0.00970874
0.970874,0.00970874,0.00970874,0.00970874
0.970874,0.00970874,0.00970874,0.00970874
0.970874,0.00970874,0.00970874,0.00970874
0.970874,0.00970874,0.00970874,0.00970874
0.970874,0.00970874,0.00970874,0.00970874
0.970874,0.00970874,0.00970874,0.00970874
0.970874,0.00970874,0.00970874,0.00970874
0.970874,0.00970874,0.00970874,0.00970874
0.970874,0.00970874,0.00970874,0.00970874
0.970874,0.00970874,0.00970874,0.00970874
0.970874,0.00970874,0.00970874,0.00970874
0.970874,0.00970874,0.00970874,0.00970874
0.970874,0.00970874,0.00970874,0.00970874
0.970874,0.00970874,0.00970874,0.00970874
0.970874,0.00970874,0.00970874,0.00970874
0.970874,0.00970874,0.00970874,0.00970874
0.970874,0.00970874,0.00970874,0.00970874
0.970874,0.00970874,0.00970874,0.00970874
0.970874,0.00970874,0.00970874,0.00970874
0.970874,0.00970874,0.00970874,0.00970874
0.970874,0.00970874,0.00970874,0.00970874
0.970874,0.00970874,0.00970874,0.00970874
0.970874,0.00970874,0.00970874,0.00970874
0.970874,0.00970874,0.00970874,0.00970874
0.970874,0.00970874,0.00970874,0.00970874
0.970874,0.00970874,0.00970874,0.00970874
0.970874,0.00970874,0.00970874,0.00970874
0.970874,0.00970874,0.00970874,0.00970874
0.970874,0.00970874,0.00970874,0.00970874
0.970874,0.00970874,0.00970874,0.00970874
0.970874,0.00970874,0.00970874,0.00970874
0.970874,0.00970874,0.00970874,0.00970874
0.970874,0.00970874,0.00970874,0.00970874
0.970874,0.00970874,0.00970874,0.00970874
0.970874,0.00970874,0.00970874,0.00970874
0.970874,0.00970874,0.00970874,0.00970874
0.970874,0.00970874,0.00970874,0.00970874
0.970874,0.00970874,0.00970874,0.00970874
0.970874,0.00970874,0.00970874,0.00970874
0.970874,0.00970874,0.00970874,0.00970874
0.970874,0.00970874,0.00970874,0.00970874
0.970874,0.00970874,0.00970874,0.00970874
0.970874,0.00970874,0.00970874,0.00970874
0.970874,0.00970874,0.00970874,0.00970874
0.970874,0.00970874,0.00970874,0.00970874
0.970874,0.00970874,0.00970874,0.00970874
0.970874,0.00970874,0.00970874,0.00970874
0.970874,0.00970874,0.00970874,0.00970874
0.970874,0.00970874,0.00970874,0.00970874
0.970874,0.00970874,0.00970874,0.00970874
0.970874,0.00970874,0.00970874,0.00970874
0.970874,0.00970874,0.00970874,0.00970874
0.970874,0.00970874,0.00970874,0.00970874
0.970874,0.00970874,0.00970874,0.00970874
0.381746,0.598647,0.00980392,0.00980392
0.381746,0.598647,0.00980392,0.00980392
0.383632,0.59676,0.00980392,0.00980392
0.380325,0.600068,0.00980392,0.00980392
0.377074,0.603318,0.00980392,0.00980392
0.377074,0.603318,0.00980392,0.00980392
0.445633,0.534759,0.00980392,0.00980392
0.447623,0.532769,0.00980392,0.00980392
0.449546,0.530846,0.00980392,0.00980392
0.433884,0.546509,0.00980392,0.00980392
0.43573,0.544662,0.00980392,0.00980392
0.480192,0.5002,0.00980392,0.00980392
0.517943,0.462449,0.00980392,0.00980392
0.519744,0.460648,0.00980392,0.00980392
0.552175,0.428217,0.00980392,0.00980392
0.58034,0.400053,0.00980392,0.00980392
0.552175,0.428217,0.00980392,0.00980392
0.553894,0.426498,0.00980392,0.00980392
0.576701,0.403691,0.00980392,0.00980392
0.578339,0.402054,0.00980392,0.00980392
0.555556,0.424837,0.00980392,0.00980392
0.574713,0.40568,0.00980392,0.00980392
0.555556,0.424837,0.00980392,0.00980392
0.557163,0.423229,0.00980392,0.00980392
0.573673,0.406719,0.00980392,0.00980392
0.570676,0.409716,0.00980392,0.00980392
0.554135,0.426257,0.00980392,0.00980392
0.568679,0.411713,0.00980392,0.00980392
0.554135,0.426257,0.00980392,0.00980392
0.551139,0.429253,0.00980392,0.00980392
0.548176,0.432216,0.00980392,0.00980392
0.545245,0.435147,0.00980392,0.00980392
0.542345,0.438048,0.00980392,0.00980392
0.539475,0.440917,0.00980392,0.00980392
0.541258,0.439134,0.00980392,0.00980392
0.288326,0.233924,0.467849,0.00990099
0.288326,0.233924,0.467849,0.00990099
0.284784,0.243212,0.462103,0.00990099
0.288326,0.233924,0.467849,0.00990099
0.288326,0.233924,0.467849,0.00990099
0.289785,0.233438,0.466876,0.00990099
0.289785,0.233438,0.466876,0.00990099
0.287448,0.234217,0.468434,0.00990099
0.290723,0.225605,0.473771,0.00990099
0.293766,0.217604,0.478729,0.00990099
0.293766,0.217604,0.478729,0.00990099
0.293766,0.217604,0.478729,0.00990099
0.295224,0.217148,0.477726,0.00990099
0.295224,0.217148,0.477726,0.00990099
0.298066,0.209707,0.482326,0.00990099
0.295744,0.210411,0.483944,0.00990099
0.295744,0.210411,0.483944,0.00990099
0.295744,0.210411,0.483944,0.00990099
0.297191,0.209972,0.482936,0.00990099
0.298601,0.209545,0.481953,0.00990099
0.301258,0.2026,0.486241,0.00990099
0.303744,0.196101,0.490254,0.00990099
0.303744,0.196101,0.490254,0.00990099
0.300312,0.205072,0.484715,0.00990099
0.300312,0.205072,0.484715,0.00990099
0.300312,0.205072,0.484715,0.00990099
0.300312,0.205072,0.484715,0.00990099
0.300312,0.205072,0.484715,0.00990099
0.301691,0.204662,0.483746,0.00990099
0.301691,0.204662,0.483746,0.00990099
0.301691,0.204662,0.483746,0.00990099
0.301691,0.204662,0.483746,0.00990099
0.299452,0.205327,0.485319,0.00990099
0.299452,0.205327,0.485319,0.00990099
0.297247,0.205983,0.486869,0.00990099
0.297247,0.205983,0.486869,0.00990099
0.297247,0.205983,0.486869,0.00990099
0.297247,0.205983,0.486869,0.00990099
0.297247,0.205983,0.486869,0.00990099
0.295073,0.206629,0.488397,0.00990099
0.295073,0.206629,0.488397,0.00990099
0.295073,0.206629,0.488397,0.00990099
0.295073,0.206629,0.488397,0.00990099
0.295073,0.206629,0.488397,0.00990099
0.292931,0.207266,0.489902,0.00990099
0.29082,0.207894,0.491385,0.00990099
0.288739,0.208512,0.492848,0.00990099
0.290182,0.208083,0.491834,0.00990099
0.292458,0.201949,0.495692,0.00990099
0.293873,0.201539,0.494687,0.00990099
0.295255,0.201139,0.493705,0.00990099
0.295255,0.201139,0.493705,0.00990099
0.295255,0.201139,0.493705,0.00990099
0.295255,0.201139,0.493705,0.00990099
0.296604,0.200748,0.492746,0.00990099
0.296604,0.200748,0.492746,0.00990099
0.293513,0.208976,0.48761,0.00990099
0.294824,0.208583,0.486693,0.00990099
0.294824,0.208583,0.486693,0.00990099
0.294824,0.208583,0.486693,0.00990099
0.294824,0.208583,0.486693,0.00990099
0.294824,0.208583,0.486693,0.00990099
0.296104,0.208198,0.485796,0.00990099
0.296104,0.208198,0.485796,0.00990099
0.296104,0.208198,0.485796,0.00990099
0.294141,0.208787,0.487171,0.00990099
0.294141,0.208787,0.487171,0.00990099
0.294141,0.208787,0.487171,0.00990099
0.294141,0.208787,0.487171,0.00990099
0.294141,0.208787,0.487171,0.00990099
0.295407,0.208408,0.486285,0.00990099
0.295407,0.208408,0.486285,0.00990099
0.295407,0.208408,0.486285,0.00990099
0.297566,0.202692,0.48984,0.00990099
0.297566,0.202692,0.48984,0.00990099
0.297566,0.202692,0.48984,0.00990099
0.295634,0.203258,0.491207,0.00990099
0.29689,0.20289,0.490318,0.00990099
0.29689,0.20289,0.490318,0.00990099
0.294045,0.210435,0.485619,0.00990099
0.294045,0.210435,0.485619,0.00990099
0.291432,0.217363,0.481304,0.00990099
0.291432,0.217363,0.481304,0.00990099
0.291432,0.217363,0.481304,0.00990099
0.292648,0.216985,0.480466,0.00990099
0.290786,0.217564,0.481749,0.00990099
0.290786,0.217564,0.481749,0.00990099
0.292796,0.212223,0.48508,0.00990099
0.29471,0.207137,0.488252,0.00990099
0.295922,0.206776,0.487401,0.00990099
0.297751,0.201935,0.490413,0.00990099
0.297751,0.201935,0.490413,0.00990099
0.299496,0.197315,0.493288,0.00990099
0.299496,0.197315,0.493288,0.00990099
0.299496,0.197315,0.493288,0.00990099
0.297642,0.197845,0.494612,0.00990099
0.297642,0.197845,0.494612,0.00990099
0.297642,0.197845,0.494612,0.00990099
0.297642,0.197845,0.494612,0.00990099
0.297642,0.197845,0.494612,0.00990099
0.297642,0.197845,0.494612,0.00990099
0.297642,0.197845,0.494612,0.00990099
0.295812,0.198368,0.49592,0.00990099
0.295812,0.198368,0.49592,0.00990099
0.29703,0.19802,0.49505,0.00990099
0.298223,0.197679,0.494197,0.00990099
0.298223,0.197679,0.494197,0.00990099
0.298223,0.197679,0.494197,0.00990099
0.298223,0.197679,0.494197,0.00990099
0.299886,0.19326,0.496954,0.00990099
0.301058,0.192931,0.49611,0.00990099
0.301058,0.192931,0.49611,0.00990099
0.298587,0.199475,0.492037,0.00990099
0.298587,0.199475,0.492037,0.00990099
0.296815,0.199986,0.493298,0.00990099
0.298401,0.195764,0.495934,0.00990099
0.298401,0.195764,0.495934,0.00990099
0.298401,0.195764,0.495934,0.00990099
0.298401,0.195764,0.495934,0.00990099
0.299559,0.195436,0.495104,0.00990099
0.297252,0.201555,0.491292,0.00990099
0.298773,0.197522,0.493805,0.00990099
0.298773,0.197522,0.493805,0.00990099
0.299906,0.197198,0.492995,0.00990099
0.301016,0.196881,0.492202,0.00990099
0.302105,0.19657,0.491424,0.00990099
0.302105,0.19657,0.491424,0.00990099
0.302105,0.19657,0.491424,0.00990099
0.302105,0.19657,0.491424,0.00990099
0.302105,0.19657,0.491424,0.00990099
0.303575,0.192708,0.493815,0.00990099
0.303575,0.192708,0.493815,0.00990099
0.304988,0.188996,0.496115,0.00990099
0.306062,0.1887,0.495337,0.00990099
0.306062,0.1887,0.495337,0.00990099
0.307115,0.188409,0.494575,0.00990099
0.307115,0.188409,0.494575,0.00990099
0.307115,0.188409,0.494575,0.00990099
0.305416,0.188878,0.495805,0.00990099
0.305416,0.188878,0.495805,0.00990099
0.305416,0.188878,0.495805,0.00990099
0.303736,0.189342,0.497022,0.00990099
0.305092,0.185765,0.499242,0.00990099
0.303426,0.186216,0.500456,0.00990099
0.301778,0.186663,0.501657,0.00990099
0.301778,0.186663,0.501657,0.00990099
0.301778,0.186663,0.501657,0.00990099
0.301778,0.186663,0.501657,0.00990099
0.301778,0.186663,0.501657,0.00990099
0.301778,0.186663,0.501657,0.00990099
0.300148,0.187105,0.502846,0.00990099
0.297988,0.192883,0.499227,0.00990099
0.297988,0.192883,0.499227,0.00990099
0.297988,0.192883,0.499227,0.00990099
0.297988,0.192883,0.499227,0.00990099
0.297988,0.192883,0.499227,0.00990099
0.299069,0.192582,0.498448,0.00990099
0.299069,0.192582,0.498448,0.00990099
0.300367,0.18912,0.500612,0.00990099
0.30143,0.188829,0.49984,0.00990099
0.30143,0.188829,0.49984,0.00990099
0.30143,0.188829,0.49984,0.00990099
0.30143,0.188829,0.49984,0.00990099
0.30143,0.188829,0.49984,0.00990099
0.30143,0.188829,0.49984,0.00990099
0.30143,0.188829,0.49984,0.00990099
0.30143,0.188829,0.49984,0.00990099
0.299386,0.194263,0.49645,0.00990099
0.300641,0.190927,0.498531,0.00990099
0.299051,0.191367,0.499681,0.00990099
0.299051,0.191367,0.499681,0.00990099
0.299051,0.191367,0.499681,0.00990099
0.300103,0.191076,0.498921,0.00990099
0.298538,0.191509,0.500052,0.00990099
0.299746,0.188278,0.502075,0.00990099
0.298195,0.188701,0.503203,0.00990099
0.298195,0.188701,0.503203,0.00990099
0.298195,0.188701,0.503203,0.00990099
0.298195,0.188701,0.503203,0.00990099
0.299246,0.188414,0.502438,0.00990099
0.300413,0.185289,0.504397,0.00990099
0.298489,0.190443,0.501167,0.00990099
0.296964,0.190863,0.502272,0.00990099
0.295454,0.191279,0.503366,0.00990099
0.295454,0.191279,0.503366,0.00990099
0.295454,0.191279,0.503366,0.00990099
0.295454,0.191279,0.503366,0.00990099
0.293639,0.196186,0.500274,0.00990099
0.293639,0.196186,0.500274,0.00990099
0.294762,0.193149,0.502188,0.00990099
0.295851,0.190205,0.504043,0.00990099
0.295851,0.190205,0.504043,0.00990099
0.294356,0.190615,0.505129,0.00990099
0.292634,0.19529,0.502175,0.00990099
0.292634,0.19529,0.502175,0.00990099
0.293687,0.194995,0.501417,0.00990099
0.294722,0.194706,0.500672,0.00990099
0.294722,0.194706,0.500672,0.00990099
0.293261,0.195115,0.501723,0.00990099
0.291815,0.19552,0.502765,0.00990099
0.291815,0.19552,0.502765,0.00990099
0.292866,0.192656,0.504576,0.00990099
0.292866,0.192656,0.504576,0.00990099
0.292866,0.192656,0.504576,0.00990099
0.292866,0.192656,0.504576,0.00990099
0.291228,0.197118,0.501754,0.00990099
0.291228,0.197118,0.501754,0.00990099
0.291228,0.197118,0.501754,0.00990099
0.289664,0.201375,0.49906,0.00990099
0.289664,0.201375,0.49906,0.00990099
0.290691,0.20108,0.498328,0.00990099
0.291701,0.200789,0.497608,0.00990099
0.290289,0.201195,0.498614,0.00990099
0.291289,0.200908,0.497902,0.00990099
0.289791,0.204968,0.49534,0.00990099
0.288403,0.205374,0.496322,0.00990099
0.288403,0.205374,0.496322,0.00990099
0.288403,0.205374,0.496322,0.00990099
0.288403,0.205374,0.496322,0.00990099
0.287029,0.205777,0.497294,0.00990099
0.285667,0.206175,0.498257,0.00990099
0.285667,0.206175,0.498257,0.00990099
0.26214,0.189195,0.457221,0.0914442
0.260857,0.189524,0.458016,0.0916032
0.260857,0.189524,0.458016,0.0916032
0.261697,0.186912,0.459492,0.0918984
0.261697,0.186912,0.459492,0.0918984
0.261697,0.186912,0.459492,0.0918984
0.262515,0.184371,0.460928,0.0921856
0.261239,0.18469,0.461725,0.0923451
0.261239,0.18469,0.461725,0.0923451
0.261239,0.18469,0.461725,0.0923451
0.262033,0.182214,0.463128,0.0926255
0.262033,0.182214,0.463128,0.0926255
0.266141,0.185071,0.470389,0.0783982
0.266938,0.182631,0.471798,0.0786329
0.267918,0.182387,0.471167,0.0785278
0.266642,0.182705,0.471988,0.0786646
0.267613,0.182463,0.471363,0.0785606
0.268568,0.182225,0.470749,0.0784581
0.267344,0.185953,0.468602,0.0781004
0.266168,0.189533,0.466542,0.077757
0.266168,0.189533,0.466542,0.077757
0.267104,0.189291,0.465947,0.0776579
0.267104,0.189291,0.465947,0.0776579
0.268025,0.189053,0.465362,0.0775603
0.268932,0.188819,0.464785,0.0774641
0.269826,0.188588,0.464217,0.0773694
0.269826,0.188588,0.464217,0.0773694
0.270706,0.188361,0.463657,0.0772761
0.269565,0.191784,0.461701,0.0769502
0.269565,0.191784,0.461701,0.0769502
0.27035,0.189428,0.463047,0.0771745
0.27035,0.189428,0.463047,0.0771745
0.27035,0.189428,0.463047,0.0771745
0.27035,0.189428,0.463047,0.0771745
0.27035,0.189428,0.463047,0.0771745
0.256226,0.179532,0.438855,0.125387
0.256914,0.177327,0.440034,0.125724
0.256914,0.177327,0.440034,0.125724
0.256914,0.177327,0.440034,0.125724
0.255926,0.180493,0.438341,0.12524
0.254973,0.183544,0.436709,0.124774
0.259013,0.186452,0.443628,0.110907
0.259013,0.186452,0.443628,0.110907
0.259856,0.18624,0.443123,0.110781
0.259856,0.18624,0.443123,0.110781
0.260687,0.186031,0.442625,0.110656
0.261507,0.185825,0.442135,0.110534
0.262203,0.183658,0.443312,0.110828
0.262203,0.183658,0.443312,0.110828
0.262883,0.181541,0.444461,0.111115
0.261926,0.184518,0.442844,0.110711
0.261926,0.184518,0.442844,0.110711
0.261926,0.184518,0.442844,0.110711
0.26259,0.182452,0.443966,0.110992
0.26259,0.182452,0.443966,0.110992
0.26259,0.182452,0.443966,0.110992
0.26259,0.182452,0.443966,0.110992
0.265869,0.18473,0.44951,0.0998911
0.264921,0.187637,0.447907,0.099535
0.267584,0.189523,0.45241,0.0904821
0.266395,0.189831,0.453145,0.0906291
0.267219,0.189618,0.452636,0.0905272
0.267219,0.189618,0.452636,0.0905272
0.267219,0.189618,0.452636,0.0905272
0.267896,0.187564,0.453783,0.0907567
0.26871,0.187355,0.453279,0.0906558
0.26871,0.187355,0.453279,0.0906558
0.270943,0.188912,0.457046,0.0830992
0.270943,0.188912,0.457046,0.0830992
0.27175,0.188703,0.45654,0.0830072
0.272545,0.188497,0.456041,0.0829166
0.271377,0.1888,0.456773,0.0830497
0.273268,0.190115,0.459957,0.0766595
0.273268,0.190115,0.459957,0.0766595
0.274061,0.189908,0.459455,0.0765759
0.275685,0.191033,0.462178,0.0711042
0.277092,0.192009,0.464537,0.0663624
0.277092,0.192009,0.464537,0.0663624
0.275926,0.192318,0.465286,0.0664695
0.275926,0.192318,0.465286,0.0664695
0.276717,0.192108,0.464778,0.0663968
0.276717,0.192108,0.464778,0.0663968
0.275565,0.192414,0.465518,0.0665026
0.275565,0.192414,0.465518,0.0665026
0.276265,0.190364,0.4667,0.0666714
0.27512,0.190665,0.467438,0.0667768
0.27512,0.190665,0.467438,0.0667768
0.275803,0.188656,0.468598,0.0669426
0.274667,0.188952,0.469333,0.0670476
0.273683,0.191857,0.467652,0.0668075
0.273683,0.191857,0.467652,0.0668075
0.273683,0.191857,0.467652,0.0668075
0.274349,0.18989,0.468791,0.0669701
0.274349,0.18989,0.468791,0.0669701
0.274349,0.18989,0.468791,0.0669701
0.274349,0.18989,0.468791,0.0669701
0.273223,0.190185,0.469519,0.0670741
0.272105,0.190477,0.47024,0.0671772
0.272755,0.188545,0.471363,0.0673375
0.271806,0.191368,0.469723,0.0671032
0.271806,0.191368,0.469723,0.0671032
0.272442,0.189477,0.470821,0.0672602
0.273065,0.187622,0.471899,0.0674141
0.271954,0.187909,0.47262,0.0675171
0.271954,0.187909,0.47262,0.0675171
0.271954,0.187909,0.47262,0.0675171
0.272765,0.1877,0.472093,0.0674419
0.271845,0.190441,0.4705,0.0672143
0.273068,0.191298,0.472618,0.0630158
0.273068,0.191298,0.472618,0.0630158
0.273684,0.189474,0.473684,0.0631579
0.273684,0.189474,0.473684,0.0631579
0.274769,0.190225,0.475561,0.0594452
0.275378,0.188429,0.476616,0.059577
0.275976,0.186668,0.47765,0.0597063
0.275976,0.186668,0.47765,0.0597063
0.275066,0.189348,0.476076,0.0595095
0.27587,0.189138,0.475548,0.0594435
0.27587,0.189138,0.475548,0.0594435
0.27587,0.189138,0.475548,0.0594435
0.276664,0.188931,0.475027,0.0593783
0.276664,0.188931,0.475027,0.0593783
0.276664,0.188931,0.475027,0.0593783
0.276664,0.188931,0.475027,0.0593783
0.277447,0.188727,0.474512,0.059314
0.278037,0.187003,0.475521,0.0594401
0.277148,0.1896,0.474001,0.0592501
0.277148,0.1896,0.474001,0.0592501
0.277148,0.1896,0.474001,0.0592501
0.277921,0.189398,0.473495,0.0591868
0.277921,0.189398,0.473495,0.0591868
0.277921,0.189398,0.473495,0.0591868
0.277921,0.189398,0.473495,0.0591868
0.277921,0.189398,0.473495,0.0591868
0.276834,0.189683,0.474207,0.0592759
0.276834,0.189683,0.474207,0.0592759
0.275756,0.189966,0.474914,0.0593642
0.275756,0.189966,0.474914,0.0593642
0.276527,0.189763,0.474409,0.0593011
0.277288,0.189564,0.47391,0.0592387
0.277866,0.187872,0.474899,0.0593624
0.277866,0.187872,0.474899,0.0593624
0.277866,0.187872,0.474899,0.0593624
0.276803,0.188149,0.475598,0.0594498
0.277553,0.188659,0.474177,0.0596109
0.278299,0.189165,0.472765,0.059771
0.279057,0.188967,0.472268,0.0597082
0.279632,0.187297,0.47324,0.0598311
0.280377,0.187797,0.471836,0.0599906
0.279319,0.188073,0.47253,0.0600788
0.279885,0.186427,0.473487,0.0602005
0.280641,0.186232,0.47299,0.0601373
0.280628,0.186223,0.473014,0.0601346
0.281368,0.186714,0.471626,0.060293
0.282103,0.187202,0.470245,0.0604506
0.283109,0.18787,0.471923,0.0570977
0.28386,0.187673,0.471429,0.0570379
0.284601,0.187479,0.470941,0.0569789
0.283705,0.190037,0.469459,0.0567995
0.283684,0.190023,0.469498,0.0567954
0.283663,0.190009,0.469536,0.0567912
0.284232,0.188386,0.470477,0.0569051
0.284791,0.18679,0.471402,0.0570169
0.28534,0.185221,0.472312,0.0571269
0.286075,0.185698,0.470954,0.057274
0.286805,0.186171,0.469604,0.0574201
0.285924,0.188671,0.468161,0.0572438
0.286645,0.189147,0.466819,0.0573882
0.287363,0.18962,0.465485,0.0575319
0.288284,0.190228,0.466978,0.0545099
0.289022,0.190031,0.466494,0.0544534
0.287972,0.190312,0.467183,0.0545338
0.287936,0.190288,0.46725,0.0545269
0.288649,0.19076,0.465929,0.0546621
0.287605,0.191039,0.466613,0.0547423
0.288313,0.19151,0.4653,0.0548771
0.289018,0.191977,0.463994,0.0550111
0.288135,0.194444,0.462578,0.0548432
0.288831,0.194914,0.46128,0.0549756
0.289523,0.19538,0.459989,0.0551073
0.288656,0.197792,0.458611,0.0549422
0.28934,0.19826,0.457328,0.0550724
0.290181,0.198837,0.458657,0.0523255
0.290865,0.199306,0.457381,0.0524488
0.291545,0.199772,0.456112,0.0525715
0.292123,0.198186,0.457016,0.0526757
0.292802,0.198647,0.455753,0.0527982
0.293478,0.199105,0.454497,0.05292
0.294052,0.197539,0.455386,0.0530235
0.294798,0.19733,0.454905,0.0529674
0.295536,0.197123,0.454429,0.052912
0.294662,0.199498,0.453085,0.0527555
0.29539,0.199292,0.452617,0.0527011
0.294536,0.201606,0.451309,0.0525488
0.294465,0.201557,0.451442,0.0525362
0.293633,0.203813,0.450166,0.0523877
0.293563,0.203765,0.450296,0.0523753
0.29253,0.204063,0.450955,0.0524519
0.29325,0.203855,0.450496,0.0523985
0.292228,0.20415,0.451148,0.0524743
0.291212,0.204443,0.451795,0.0525496
0.291144,0.204395,0.451924,0.0525372
0.291706,0.202858,0.452798,0.0526387
0.291638,0.20281,0.452926,0.0526264
0.290629,0.203099,0.453571,0.0527014
0.290561,0.203052,0.453698,0.0526891
0.290495,0.203005,0.453823,0.052677
0.289493,0.203292,0.454464,0.0527514
0.289427,0.203246,0.454588,0.0527394
0.288432,0.20353,0.455225,0.0528133
0.288367,0.203484,0.455347,0.0528013
0.287379,0.203767,0.45598,0.0528746
0.287927,0.202248,0.45685,0.0529755
0.288467,0.200751,0.457707,0.0530749
0.289235,0.201285,0.458925,0.0505553
0.28825,0.201564,0.459561,0.0506254
0.287272,0.201841,0.460192,0.050695
0.287207,0.201796,0.460314,0.0506835
0.286405,0.204023,0.45903,0.0505421
0.286937,0.202544,0.459883,0.050636
0.287678,0.202334,0.459405,0.0505834
0.286894,0.204509,0.458152,0.0504455
0.287527,0.20496,0.456956,0.0505568
0.288221,0.205455,0.458059,0.0482656
0.288854,0.205906,0.456868,0.0483716
0.287884,0.206187,0.457492,0.0484376
0.288621,0.205974,0.457018,0.0483874
0.28925,0.206423,0.455834,0.048493
0.288288,0.206702,0.456451,0.0485586
0.287333,0.20698,0.457064,0.0486238
0.287957,0.207429,0.455885,0.0487294
0.288577,0.207876,0.454713,0.0488344
0.287625,0.208154,0.455321,0.0488997
0.288241,0.2086,0.454154,0.0490045
0.288855,0.209044,0.452993,0.0491087
0.289597,0.208825,0.45252,0.0490574
0.289513,0.208765,0.45268,0.0490431
0.290121,0.209203,0.45153,0.0491461
0.290726,0.209639,0.450386,0.0492486
0.291328,0.210073,0.449249,0.0493506
0.292064,0.209855,0.448782,0.0492993
0.291972,0.209789,0.448955,0.0492838
0.291027,0.210069,0.449554,0.0493496
0.291623,0.210499,0.448427,0.0494506
0.292216,0.210927,0.447306,0.0495511
0.292806,0.211353,0.44619,0.0496512
0.293393,0.211777,0.445079,0.0497507
0.293977,0.212198,0.443975,0.0498498
0.294558,0.212618,0.442875,0.0499483
0.293613,0.212903,0.443469,0.0500153
0.292673,0.213186,0.444059,0.0500818
0.293249,0.213606,0.442965,0.0501804
0.293822,0.214024,0.441875,0.0502786
0.294393,0.214439,0.440792,0.0503762
0.293456,0.214724,0.441377,0.0504431
0.294023,0.215139,0.440298,0.0505405
0.294771,0.214911,0.439831,0.0504869
0.295336,0.215322,0.438758,0.0505836
0.294505,0.217529,0.437524,0.0504414
0.294388,0.217442,0.437749,0.0504213
0.294956,0.215933,0.438593,0.0505185
0.294144,0.21809,0.437386,0.0503795
0.294703,0.216605,0.438217,0.0504753
0.295261,0.217015,0.437154,0.0505708
0.295816,0.217423,0.436096,0.0506658
0.295016,0.219539,0.434916,0.0505288
0.294234,0.221608,0.433763,0.0503949
0.294973,0.221376,0.433309,0.0503421
0.295704,0.221146,0.43286,0.0502898
0.296252,0.221556,0.431808,0.050383
0.296798,0.221964,0.430763,0.0504758
0.29734,0.22237,0.429722,0.0505681
0.29788,0.222774,0.428686,0.0506599
0.298418,0.223176,0.427655,0.0507514
0.299145,0.222945,0.427212,0.0506988
0.299836,0.223459,0.428198,0.0485061
0.300374,0.223861,0.427172,0.0485931
0.30091,0.22426,0.426151,0.0486798
0.299982,0.224557,0.426716,0.0487444
0.300514,0.224956,0.425699,0.0488308
0.301088,0.223475,0.426513,0.0489241
0.301654,0.222014,0.427315,0.0490162
0.300729,0.222308,0.427881,0.0490811
0.301459,0.222077,0.427435,0.0490299
0.302181,0.221847,0.426993,0.0489792
0.302715,0.222239,0.42598,0.0490658
0.303429,0.222011,0.425544,0.0490155
0.303992,0.220569,0.426332,0.0491064
0.3047,0.220345,0.425899,0.0490564
0.3054,0.220123,0.42547,0.049007
0.306093,0.219904,0.425045,0.0489581
0.30595,0.219801,0.425314,0.0489353
0.305045,0.220087,0.425868,0.0489991
0.305579,0.220472,0.424865,0.0490847
0.306136,0.219049,0.42564,0.0491743
0.306826,0.218832,0.425217,0.0491255
0.306682,0.218729,0.425487,0.0491024
0.305876,0.220782,0.424369,0.0489734
0.306557,0.220565,0.423953,0.0489253
0.307231,0.22035,0.42354,0.0488777
0.307886,0.22082,0.424442,0.0468522
0.307743,0.220717,0.42471,0.0468304
0.308296,0.219316,0.425473,0.0469146
0.308964,0.219104,0.425062,0.0468692
0.309497,0.219482,0.424071,0.04695
0.310027,0.219858,0.423085,0.0470305
0.31069,0.219647,0.422678,0.0469853
0.311241,0.218262,0.423428,0.0470686
0.310351,0.218544,0.423976,0.0471295
0.31088,0.218917,0.422993,0.0472099
0.311407,0.219288,0.422015,0.0472899
0.311931,0.219657,0.421042,0.0473696
0.312593,0.219446,0.420637,0.047324
0.31244,0.219339,0.420921,0.0473008
0.31296,0.219704,0.419956,0.0473797
0.312074,0.219987,0.420498,0.0474408
0.312592,0.220352,0.419537,0.0475194
0.313107,0.220715,0.41858,0.0475977
0.31362,0.221077,0.417628,0.0476757
0.314244,0.221517,0.418459,0.0457801
0.314802,0.220135,0.419202,0.0458614
0.315463,0.219922,0.418798,0.0458172
0.31458,0.220206,0.419338,0.0458763
0.315094,0.220566,0.418389,0.0459512
0.315752,0.220354,0.417987,0.0459071
0.316264,0.220712,0.417043,0.0459816
0.316819,0.219344,0.417774,0.0460623
0.315989,0.221388,0.416681,0.0459417
0.31664,0.221178,0.416284,0.045898
0.317188,0.21983,0.417005,0.0459774
0.3177,0.220184,0.416064,0.0460516
0.316825,0.220467,0.416598,0.0461106
0.317333,0.22082,0.415662,0.0461846
0.317839,0.221173,0.41473,0.0462583
0.318429,0.221583,0.415499,0.0444903
0.318974,0.221962,0.416211,0.0428525
0.319482,0.222316,0.415282,0.0429206
0.318608,0.222601,0.415815,0.0429758
0.31778,0.224621,0.414735,0.0428641
0.318282,0.224976,0.41381,0.0429318
0.318781,0.225329,0.41289,0.0429992
0.317912,0.225617,0.413417,0.0430541
0.318464,0.224271,0.414136,0.043129
0.318963,0.224622,0.413219,0.0431965
0.319459,0.224971,0.412306,0.0432637
0.318638,0.226962,0.411247,0.0431525
0.317772,0.227251,0.41177,0.0432074
0.31832,0.225918,0.41248,0.0432819
0.318813,0.226268,0.411571,0.0433489
0.319303,0.226616,0.410666,0.0434155
0.319791,0.226962,0.409764,0.0434819
0.320277,0.227307,0.408867,0.043548
0.320761,0.227651,0.407974,0.0436138
0.321243,0.227993,0.407085,0.0436793
0.321723,0.228333,0.406199,0.0437445
0.322276,0.227006,0.406898,0.0438198
0.3228,0.227375,0.407559,0.0422654
0.321975,0.229349,0.406518,0.0421574
0.322454,0.22969,0.405636,0.0422201
0.32293,0.230029,0.404758,0.0422824
0.322117,0.231968,0.403739,0.042176
0.32132,0.233869,0.40274,0.0420716
0.321128,0.233729,0.403097,0.0420464
0.321791,0.2335,0.402703,0.0420053
0.3216,0.233362,0.403058,0.0419804
0.320737,0.233659,0.403571,0.0420339
0.321396,0.233432,0.403179,0.0419931
0.322049,0.233208,0.402791,0.0419527
0.322695,0.232985,0.402407,0.0419127
0.323163,0.233323,0.401541,0.0419734
0.323628,0.233659,0.400678,0.0420339
0.324092,0.233994,0.399819,0.0420942
0.323239,0.23429,0.400324,0.0421473
0.322451,0.236156,0.399349,0.0420446
0.323004,0.234846,0.400033,0.0421167
0.322155,0.235141,0.400535,0.0421695
0.322615,0.235476,0.399679,0.0422297
0.323102,0.235832,0.400283,0.040783
0.323651,0.234533,0.400963,0.0408523
0.324299,0.234309,0.400579,0.0408132
0.323455,0.234601,0.401079,0.0408641
0.322616,0.234892,0.401577,0.0409148
0.323076,0.235227,0.400724,0.0409732
0.32224,0.235518,0.401218,0.0410238
0.322698,0.235852,0.400368,0.041082
0.321866,0.236142,0.40086,0.0411325
0.322517,0.235915,0.400475,0.0410929
0.323163,0.23569,0.400093,0.0410538
0.323708,0.234401,0.400768,0.041123
0.322884,0.234687,0.401256,0.0411731
0.323526,0.234464,0.400875,0.0411341
0.323327,0.23432,0.401244,0.0411087
0.32251,0.234603,0.401729,0.0411584
0.323047,0.233327,0.402399,0.041227
0.323686,0.233107,0.402019,0.0411881
0.322874,0.233387,0.402501,0.0412375
0.322676,0.233244,0.402868,0.0412122
0.323311,0.233025,0.40249,0.0411736
0.323115,0.232883,0.402853,0.0411486
0.322336,0.234733,0.401882,0.0410494
0.321532,0.235011,0.402359,0.0410981
0.322162,0.234793,0.401985,0.0410599
0.322787,0.234577,0.401614,0.0410221
0.323239,0.234906,0.400776,0.0410795
0.322472,0.236721,0.399825,0.040982
0.32309,0.236505,0.39946,0.0409446
0.323703,0.236291,0.399098,0.0409076
0.322912,0.236568,0.399565,0.0409554
0.323443,0.235311,0.400222,0.0410228
0.323902,0.235645,0.400789,0.0396643
0.323706,0.235502,0.401152,0.0396403
0.322917,0.235777,0.40162,0.0396865
0.323529,0.235563,0.401256,0.0396507
0.323979,0.235891,0.400424,0.0397058
0.324507,0.234646,0.401076,0.0397705
0.324957,0.234971,0.400247,0.0398256
0.325404,0.235294,0.399421,0.0398804
0.326013,0.235082,0.399061,0.0398444
0.326616,0.234872,0.398703,0.0398088
0.32705,0.235184,0.399233,0.0385329
0.326284,0.236975,0.398298,0.0384427
0.325504,0.23725,0.398759,0.0384872
0.326103,0.237039,0.398405,0.038453
0.325351,0.238798,0.397486,0.0383643
0.324613,0.240526,0.396584,0.0382773
0.325054,0.240853,0.395763,0.0383293
0.325457,0.241151,0.396253,0.0371388
0.325984,0.239921,0.396896,0.037199
0.32521,0.240197,0.397352,0.0372418
0.324481,0.2419,0.396461,0.0371583
0.324282,0.241752,0.39683,0.0371355
0.324877,0.241539,0.396481,0.0371028
0.32468,0.241393,0.396847,0.0370803
0.3252,0.240178,0.397483,0.0371396
0.325578,0.240457,0.397944,0.0360208
0.326018,0.240782,0.397131,0.0360695
0.326456,0.241105,0.396321,0.0361179
0.326892,0.241427,0.395515,0.0361662
0.327484,0.241215,0.395167,0.0361344
0.327919,0.241535,0.394364,0.0361824
0.328352,0.241854,0.393564,0.0362302
0.328875,0.240646,0.394191,0.0362879
0.329463,0.240435,0.393846,0.0362561
0.330046,0.240226,0.393503,0.0362246
0.330565,0.239031,0.394122,0.0362815
0.331079,0.237848,0.394735,0.0363379
0.330312,0.238121,0.395187,0.0363796
0.329548,0.238393,0.395638,0.0364211
0.330131,0.238185,0.395294,0.0363894
0.330639,0.237013,0.395902,0.0364455
0.331005,0.237275,0.39634,0.0353801
0.331583,0.23707,0.395997,0.0353495
0.332022,0.237383,0.395199,0.0353962
0.331264,0.237652,0.395647,0.0354364
0.3317,0.237965,0.394852,0.035483
0.330963,0.239659,0.393974,0.0354042
0.331538,0.239453,0.393635,0.0353737
0.33133,0.239302,0.394017,0.0353515
0.330578,0.239571,0.39446,0.0353912
0.331009,0.239884,0.39367,0.0354373
0.331438,0.240195,0.392884,0.0354833
0.332011,0.239989,0.392547,0.0354529
0.33252,0.238825,0.393148,0.0355071
0.333088,0.238622,0.392813,0.0354769
0.333592,0.23747,0.393407,0.0355305
0.334091,0.236329,0.393996,0.0355837
0.33388,0.23618,0.394379,0.0355612
0.333133,0.236445,0.394822,0.0356011
0.332389,0.236708,0.395262,0.0356408
0.332819,0.237015,0.39448,0.0356869
0.333247,0.23732,0.393701,0.0357328
0.332506,0.237583,0.394139,0.0357725
0.332932,0.237888,0.393362,0.0358183
0.333427,0.236753,0.393948,0.0358717
0.333853,0.237055,0.393174,0.0359175
0.334277,0.237356,0.392404,0.0359631
0.334699,0.237656,0.391636,0.0360085
0.335194,0.236529,0.392215,0.0360618
0.335616,0.236827,0.39145,0.0361071
0.334874,0.237091,0.391887,0.0361474
0.335294,0.237389,0.391125,0.0361928
0.335786,0.236269,0.391699,0.0362459
0.336206,0.236565,0.390939,0.0362911
0.336623,0.236858,0.390182,0.0363362
0.3372,0.236652,0.389843,0.0363046
0.337691,0.235543,0.390409,0.0363574
0.338108,0.235834,0.389655,0.0364024
0.338595,0.234733,0.390217,0.0364548
0.339078,0.233643,0.390772,0.0365068
0.338337,0.233905,0.39121,0.0365477
0.338815,0.232824,0.391762,0.0365992
0.339234,0.233112,0.39101,0.0366445
0.338496,0.233372,0.391446,0.0366854
0.338913,0.23366,0.390696,0.0367307
0.339328,0.233947,0.389949,0.0367757
0.339742,0.234232,0.389205,0.0368206
0.340322,0.234027,0.388864,0.0367883
0.340734,0.23431,0.388122,0.0368329
0.341146,0.234593,0.387384,0.0368773
0.34041,0.234855,0.387816,0.0369185
0.340819,0.235137,0.38708,0.0369629
0.3413,0.234059,0.387626,0.037015
0.341709,0.234339,0.386893,0.0370593
0.342116,0.234619,0.386162,0.0371035
0.341349,0.236335,0.385296,0.0370203
0.340594,0.238023,0.384444,0.0369384
0.340996,0.238304,0.383717,0.0369821
0.340252,0.239967,0.38288,0.0369013
0.340651,0.240248,0.382156,0.0369446
0.341228,0.240038,0.381822,0.0369122
0.340493,0.241675,0.380999,0.0368328
0.339763,0.241942,0.381421,0.0368735
0.339036,0.242208,0.381841,0.0369141
0.339612,0.241998,0.381509,0.036882
0.339377,0.24183,0.381936,0.0368565
0.338655,0.242094,0.382354,0.0368967
0.338422,0.241928,0.382779,0.0368714
0.337703,0.24354,0.381965,0.036793
0.338274,0.243329,0.381635,0.0367612
0.337558,0.243593,0.382048,0.036801
0.338034,0.242526,0.382587,0.0368529
0.337321,0.242788,0.382999,0.0368926
0.337713,0.24307,0.382282,0.0369355
0.338103,0.243351,0.381568,0.0369782
0.338577,0.242291,0.382102,0.03703
0.337865,0.243884,0.381299,0.0369521
0.338253,0.244164,0.380588,0.0369946
0.338825,0.243954,0.380259,0.0369627
0.338591,0.243786,0.380686,0.0369372
0.337882,0.244047,0.381095,0.0369768
0.338351,0.242997,0.381624,0.0370282
0.33872,0.243262,0.38204,0.0359783
0.338012,0.243523,0.382448,0.0360168
0.338478,0.24248,0.382975,0.0360664
0.338867,0.242759,0.382267,0.0361078
0.339438,0.242549,0.381937,0.0360766
0.339901,0.241515,0.382458,0.0361258
0.340289,0.241791,0.381752,0.0361671
0.34075,0.240766,0.382268,0.036216
0.340045,0.241023,0.382677,0.0362548
0.340432,0.241298,0.381973,0.0362961
0.33973,0.241555,0.38238,0.0363348
0.340116,0.24183,0.381679,0.036376
0.340687,0.24162,0.381348,0.0363445
0.341145,0.240601,0.381861,0.0363934
0.341531,0.240873,0.381161,0.0364345
0.341916,0.241144,0.380465,0.0364756
0.342372,0.240132,0.380972,0.0365242
0.341672,0.240387,0.381378,0.0365631
0.340975,0.240642,0.381782,0.0366018
0.340261,0.242231,0.380983,0.0365252
0.340643,0.242502,0.380289,0.0365662
0.339949,0.242757,0.380689,0.0366047
0.340522,0.242547,0.380358,0.0365729
0.339818,0.244113,0.379572,0.0364973
0.340197,0.244385,0.37888,0.036538
0.339507,0.24464,0.379276,0.0365761
0.339884,0.244912,0.378587,0.0366167
0.34026,0.245183,0.3779,0.0366572
0.340634,0.245452,0.377216,0.0366975
0.341089,0.244444,0.37772,0.0367465
0.34166,0.244233,0.377393,0.0367147
0.341416,0.244058,0.377838,0.0366884
0.341789,0.244325,0.377158,0.0367286
0.342161,0.244591,0.37648,0.0367685
0.341474,0.244846,0.376873,0.0368069
0.341833,0.245104,0.37727,0.0357929
0.342287,0.244102,0.37777,0.0358404
0.342628,0.244346,0.378147,0.0348796
0.343197,0.244134,0.377819,0.0348494
0.34357,0.244399,0.377143,0.0348872
0.343895,0.24463,0.377499,0.0339764
0.343186,0.246186,0.376721,0.0339064
0.343557,0.246452,0.376048,0.033943
0.342873,0.246709,0.37644,0.0339784
0.343242,0.246974,0.375768,0.034015
0.34256,0.247231,0.376159,0.0340503
0.342868,0.247453,0.376496,0.033184
0.342167,0.248991,0.375726,0.0331161
0.342533,0.249258,0.375057,0.0331516
0.342899,0.249524,0.374391,0.033187
0.343354,0.248526,0.374888,0.0332311
0.343807,0.247537,0.375382,0.0332748
0.344173,0.2478,0.374717,0.0333103
0.344537,0.248063,0.374054,0.0333456
0.343856,0.24832,0.374443,0.0333802
0.344219,0.248583,0.373782,0.0334155
0.34467,0.247598,0.374272,0.0334592
0.343971,0.249124,0.373513,0.0333914
0.343282,0.250628,0.372765,0.0333245
0.342605,0.250887,0.37315,0.0333589
0.34193,0.251144,0.373533,0.0333931
0.342504,0.250925,0.373207,0.033364
0.343074,0.250708,0.372884,0.0333351
0.343367,0.250922,0.373203,0.0325081
0.343814,0.249947,0.373688,0.0325505
0.344258,0.248979,0.37417,0.0325924
0.344538,0.249182,0.374476,0.0318035
0.345105,0.248967,0.374152,0.0317761
0.344852,0.248784,0.374611,0.0317527
0.34417,0.25027,0.37387,0.03169
0.343502,0.250525,0.374252,0.0317223
0.343941,0.249565,0.374731,0.0317629
0.343275,0.249819,0.375111,0.0317951
0.342611,0.250071,0.37549,0.0318273
0.343177,0.249856,0.375167,0.0317999
0.342506,0.251323,0.374433,0.0317376
0.343067,0.251109,0.374113,0.0317105
0.343427,0.251372,0.373457,0.0317438
0.343786,0.251635,0.372802,0.031777
0.343121,0.253083,0.372081,0.0317155
0.342463,0.253336,0.372454,0.0317472
0.343021,0.253121,0.372137,0.0317203
0.342368,0.253373,0.372507,0.0317518
0.341716,0.253624,0.372876,0.0317833
0.342273,0.253409,0.372561,0.0317564
0.34271,0.252458,0.373036,0.0317969
0.342062,0.252706,0.373404,0.0318282
0.341407,0.254138,0.372688,0.0317672
0.34076,0.25555,0.371983,0.0317071
0.340512,0.255363,0.372441,0.031684
0.339875,0.256755,0.371745,0.0316247
0.339629,0.256569,0.3722,0.0316019
0.33998,0.256834,0.371552,0.0316345
0.339351,0.258208,0.370865,0.031576
0.338731,0.259563,0.370188,0.0315183
0.339078,0.259828,0.369543,0.0315506
0.338465,0.261166,0.368875,0.0314936
0.339017,0.260948,0.368567,0.0314673
0.339447,0.260011,0.369035,0.0315072
0.339793,0.260276,0.368393,0.0315393
0.34022,0.259344,0.368856,0.031579
0.340645,0.25842,0.369317,0.0316184
0.341067,0.257502,0.369774,0.0316575
0.341616,0.257287,0.369466,0.0316311
0.340975,0.257537,0.369826,0.031662
0.341394,0.256626,0.37028,0.0317008
0.340784,0.257953,0.369619,0.0316442
0.341199,0.257049,0.370069,0.0316828
0.341746,0.256836,0.369762,0.0316565
0.342094,0.257097,0.369121,0.0316887
0.342637,0.256885,0.368816,0.0316625
0.342983,0.257144,0.368178,0.0316945
0.343329,0.257403,0.367541,0.0317265
0.342691,0.257653,0.367898,0.0317573
0.342056,0.257902,0.368254,0.0317879
0.34145,0.259216,0.367602,0.0317316
0.341865,0.258318,0.368047,0.0317701
0.341232,0.258566,0.368401,0.0318007
0.341575,0.258826,0.367767,0.0318326
0.341916,0.259085,0.367134,0.0318645
0.342257,0.259343,0.366504,0.0318962
0.341626,0.259592,0.366856,0.0319268
0.342039,0.258697,0.367299,0.0319654
0.341437,0.260001,0.366653,0.0319092
0.341776,0.260259,0.366025,0.0319408
0.342113,0.260516,0.365399,0.0319724
0.342525,0.259627,0.365838,0.0320108
0.342862,0.259882,0.365214,0.0320423
0.343198,0.260137,0.364591,0.0320737
0.343608,0.259253,0.365027,0.032112
0.343944,0.259506,0.364407,0.0321434
0.343313,0.259756,0.364757,0.0321743
0.343647,0.260009,0.364139,0.0322057
0.344196,0.259791,0.363834,0.0321787
0.344605,0.258912,0.364266,0.0322169
0.343977,0.25916,0.364615,0.0322478
0.34431,0.259412,0.363998,0.0322791
0.343707,0.26071,0.363361,0.0322225
0.344039,0.260961,0.362746,0.0322536
0.344445,0.260088,0.363175,0.0322918
0.343819,0.260336,0.363522,0.0323226
0.343196,0.260583,0.363868,0.0323533
0.343526,0.260834,0.363255,0.0323845
0.342904,0.261082,0.363599,0.0324152
0.343455,0.260863,0.363294,0.032388
0.343785,0.261113,0.362683,0.0324191
0.343186,0.2624,0.362052,0.0323626
0.343733,0.262181,0.36175,0.0323357
0.343475,0.261985,0.362228,0.0323115
0.344018,0.261768,0.361929,0.0322848
0.344345,0.262017,0.361322,0.0323155
0.344671,0.262265,0.360718,0.032346
0.344996,0.262512,0.360115,0.0323765
0.345535,0.262296,0.359818,0.0323499
0.34492,0.262543,0.360157,0.0323803
0.345193,0.26275,0.360441,0.0316155
0.345517,0.262997,0.35984,0.0316452
0.344904,0.263244,0.360178,0.0316748
0.345311,0.262373,0.360603,0.0317123
0.345716,0.261508,0.361026,0.0317495
0.346256,0.261292,0.360729,0.0317233
0.346791,0.261078,0.360433,0.0316973
0.346181,0.261322,0.36077,0.0317269
0.345574,0.261565,0.361105,0.0317564
0.345976,0.260705,0.361525,0.0317933
0.345379,0.261982,0.360901,0.0317384
0.345778,0.26113,0.361318,0.0317751
0.345517,0.260933,0.361798,0.0317512
0.345842,0.261178,0.3612,0.031781
0.346165,0.261422,0.360603,0.0318106
0.345559,0.261664,0.360937,0.0318401
0.345956,0.260816,0.361352,0.0318767
0.345352,0.261057,0.361685,0.0319061
0.34476,0.262323,0.361066,0.0318515
0.344501,0.262125,0.361546,0.0318275
0.344822,0.262369,0.360952,0.0318571
0.34422,0.26261,0.361283,0.0318864
0.344539,0.262854,0.360691,0.0319159
0.344858,0.263096,0.360101,0.0319454
0.344258,0.263337,0.36043,0.0319747
0.34366,0.263577,0.360759,0.0320038
0.344201,0.26336,0.360462,0.0319774
0.344737,0.263145,0.360167,0.0319513
0.345054,0.263387,0.359578,0.0319807
0.34537,0.263628,0.358992,0.0320099
0.345767,0.262783,0.359404,0.0320467
0.346082,0.263023,0.358819,0.0320759
0.346397,0.263262,0.358236,0.0321051
0.346931,0.263047,0.357943,0.0320788
0.347245,0.263285,0.357362,0.0321079
0.347558,0.263522,0.356783,0.0321368
0.347955,0.262681,0.357191,0.0321735
0.348268,0.262917,0.356613,0.0322024
0.348799,0.262702,0.356322,0.0321761
0.349195,0.261866,0.356726,0.0322126
0.349507,0.262101,0.356151,0.0322414
0.350036,0.261888,0.355861,0.0322152
0.350561,0.261676,0.355574,0.0321892
0.350294,0.261477,0.356064,0.0321648
0.350029,0.26128,0.35655,0.0321404
0.349438,0.261517,0.356875,0.0321697
0.348849,0.261754,0.357198,0.0321988
0.349241,0.260924,0.3576,0.032235
0.348653,0.26116,0.357923,0.0322642
0.349178,0.260949,0.357635,0.0322382
0.348914,0.260753,0.358119,0.0322139
0.349435,0.260544,0.357832,0.0321881
0.349174,0.260349,0.358313,0.032164
0.349484,0.26058,0.357744,0.0321926
0.3489,0.260814,0.358065,0.0322214
0.349209,0.261045,0.357497,0.0322499
0.349517,0.261275,0.35693,0.0322784
0.349824,0.261504,0.356366,0.0323067
0.350215,0.260678,0.356765,0.0323428
0.350521,0.260906,0.356202,0.0323711
