0.2,0.2,0.2,0.2,0.2
0.065556,0.00488956,0.00990099,0.514761,0.404893
0.065502,0.0048875,0.00990099,0.514759,0.40495
0.0654878,0.00488645,0.00990099,0.514942,0.404783
0.0654469,0.00488733,0.00990099,0.514938,0.404826
0.0654031,0.00487596,0.00990099,0.514971,0.404849
0.0653993,0.00487764,0.00990099,0.514969,0.404853
0.0653158,0.0048773,0.00990099,0.515036,0.40487
0.0652412,0.00487565,0.00990099,0.514969,0.405013
0.065209,0.00487716,0.00990099,0.515008,0.405005
0.0651852,0.00487734,0.00990099,0.515022,0.405014
0.0658547,0.00487393,0.00990099,0.514566,0.404805
0.0658398,0.00487283,0.00990099,0.514523,0.404863
0.0658034,0.00487404,0.00990099,0.514434,0.404987
0.06577,0.00487546,0.00990099,0.514377,0.405076
0.0657236,0.00486394,0.00990099,0.514582,0.404929
0.0657312,0.00486451,0.00990099,0.51443,0.405073
0.0657291,0.00486435,0.00990099,0.514372,0.405134
0.0657129,0.0048651,0.00990099,0.514302,0.405219
0.0657054,0.00486649,0.00990099,0.5143,0.405227
0.065639,0.0048674,0.00990099,0.51419,0.405402
0.0656556,0.00486863,0.00990099,0.514311,0.405264
0.065653,0.00487038,0.00990099,0.514093,0.405483
0.06555,0.00486856,0.00990099,0.514279,0.405402
0.0654949,0.00485642,0.00990099,0.514215,0.405533
0.065478,0.0048571,0.00990099,0.514282,0.405481
0.0654826,0.00485744,0.00990099,0.514281,0.405478
0.0654248,0.00485702,0.00990099,0.514199,0.405618
0.0653283,0.00485564,0.00990099,0.514238,0.405678
0.0653391,0.00485837,0.00990099,0.514154,0.405748
0.066039,0.00485581,0.00990099,0.51362,0.405584
0.0660171,0.00485612,0.00990099,0.513727,0.405499
0.0667054,0.00485288,0.00990099,0.513371,0.405169
0.066621,0.0048525,0.00990099,0.513622,0.405004
0.0665742,0.00485293,0.00990099,0.51374,0.404932
0.0665911,0.00485416,0.00990099,0.513724,0.40493
0.0665983,0.00485661,0.00990099,0.513693,0.404951
0.0665727,0.00485666,0.00990099,0.513743,0.404927
0.0665479,0.00485677,0.00990099,0.513689,0.405005
0.0664933,0.00485662,0.00990099,0.513555,0.405194
0.0671377,0.0048524,0.00990099,0.513374,0.404735
0.0671191,0.00485297,0.00990099,0.513426,0.404701
0.0677969,0.00484945,0.00990099,0.513103,0.40435
0.0677337,0.00485066,0.00990099,0.513246,0.404268
0.0676929,0.00483969,0.00990099,0.513304,0.404262
0.06765,0.00484043,0.00990099,0.513366,0.404243
0.0675932,0.00484016,0.00990099,0.513245,0.404421
0.0675547,0.00482939,0.00990099,0.513184,0.404531
0.0675252,0.00481554,0.00990099,0.512977,0.404782
0.0674835,0.00480276,0.00990099,0.5131,0.404713
0.0681524,0.0048009,0.00990099,0.512694,0.404452
0.0681139,0.00480194,0.00990099,0.512773,0.40441
0.0680959,0.00478905,0.00990099,0.512714,0.4045
0.0680999,0.0047912,0.00990099,0.51263,0.404578
0.0680494,0.00478952,0.00990099,0.512499,0.404761
0.0679961,0.00478764,0.00990099,0.512342,0.404973
0.0679234,0.00478813,0.00990099,0.512302,0.405086
0.0679179,0.00478774,0.00990099,0.51222,0.405173
0.0685843,0.00478412,0.00990099,0.511769,0.404961
0.0685637,0.00478455,0.00990099,0.511779,0.404972
0.0685632,0.00478452,0.00990099,0.511711,0.40504
0.0684674,0.00478156,0.00990099,0.511737,0.405113
0.0684501,0.00478035,0.00990099,0.511835,0.405033
0.0684289,0.00478073,0.00990099,0.511756,0.405133
0.0683646,0.00478182,0.00990099,0.511756,0.405196
0.0690688,0.00477926,0.00990099,0.511275,0.404976
0.0690113,0.00478085,0.00990099,0.511277,0.40503
0.0689888,0.00477929,0.00990099,0.511262,0.405069
0.0689835,0.00478077,0.00990099,0.511298,0.405037
0.0689473,0.00478198,0.00990099,0.511311,0.405058
0.0689363,0.00478307,0.00990099,0.511309,0.405071
0.0689484,0.00478391,0.00990099,0.51128,0.405087
0.0689107,0.00478315,0.00990099,0.511486,0.40492
0.0689239,0.00478592,0.00990099,0.511364,0.405025
0.0688636,0.00477387,0.00990099,0.511332,0.405129
0.0688004,0.00477319,0.00990099,0.511387,0.405139
0.0687888,0.00476088,0.00990099,0.511161,0.405388
0.0686998,0.00476208,0.00990099,0.511227,0.40541
0.0686812,0.00476263,0.00990099,0.511279,0.405377
0.0693807,0.00476011,0.00990099,0.511104,0.404854
0.0693368,0.00475893,0.00990099,0.511105,0.404899
0.0692698,0.004758,0.00990099,0.511156,0.404915
0.0691763,0.00475891,0.00990099,0.511274,0.40489
0.0690838,0.00475986,0.00990099,0.511313,0.404943
0.0690497,0.00476116,0.00990099,0.511362,0.404926
0.0690055,0.00475994,0.00990099,0.511489,0.404844
0.0689616,0.00475874,0.00990099,0.511269,0.405109
0.0689699,0.00475931,0.00990099,0.51124,0.40513
0.0689347,0.00475871,0.00990099,0.511034,0.405372
0.0688835,0.004757,0.00990099,0.510815,0.405643
0.0688807,0.00475681,0.00990099,0.510842,0.40562
0.0688537,0.00475677,0.00990099,0.510751,0.405737
0.0685099,0.0094469,0.00990099,0.508384,0.403758
0.0684336,0.00944722,0.00990099,0.508501,0.403718
0.0684084,0.00944736,0.00990099,0.508552,0.403692
0.0683712,0.00944583,0.00990099,0.508536,0.403746
0.0683244,0.00944658,0.00990099,0.508651,0.403677
0.0683129,0.00944861,0.00990099,0.508726,0.403612
0.0683375,0.00945201,0.00990099,0.508635,0.403674
0.0682749,0.0094315,0.00990099,0.508607,0.403785
0.0682808,0.00940975,0.00990099,0.508617,0.403792
0.0681967,0.00940532,0.00990099,0.508656,0.403841
0.0682028,0.00940976,0.00990099,0.508834,0.403653
0.0681887,0.00940781,0.00990099,0.508792,0.403711
0.0681897,0.00940795,0.00990099,0.508788,0.403713
0.068132,0.00940715,0.00990099,0.508761,0.403799
0.0680947,0.00940559,0.00990099,0.508798,0.403801
0.0680638,0.0094049,0.00990099,0.508964,0.403667
0.0680353,0.00940811,0.00990099,0.509052,0.403603
0.0679915,0.0094092,0.00990099,0.509076,0.403622
0.0680018,0.00941063,0.00990099,0.50901,0.403677
0.068018,0.00941288,0.00990099,0.509124,0.403544
0.0678858,0.00940885,0.00990099,0.509342,0.403462
0.0677924,0.0094066,0.00990099,0.509368,0.403532
0.0676818,0.0094055,0.00990099,0.509243,0.403769
0.0676473,0.00940425,0.00990099,0.509242,0.403806
0.0676393,0.00940314,0.00990099,0.509252,0.403805
0.0676486,0.00938199,0.00990099,0.509333,0.403735
0.0676323,0.00937972,0.00990099,0.509044,0.404043
0.0676324,0.00938329,0.00990099,0.50894,0.404143
0.0676195,0.00938505,0.00990099,0.508951,0.404144
0.0676118,0.00938752,0.00990099,0.509,0.4041
0.0675891,0.00938791,0.00990099,0.508937,0.404185
0.0675226,0.00938931,0.00990099,0.508873,0.404314
0.0675351,0.00939105,0.00990099,0.509034,0.404139
0.067523,0.00938936,0.00990099,0.508959,0.404228
0.0675191,0.00938882,0.00990099,0.508969,0.404222
0.067518,0.00938866,0.00990099,0.509076,0.404116
0.0674926,0.00938867,0.00990099,0.509204,0.404013
0.0675039,0.00939025,0.00990099,0.509152,0.404053
0.0674067,0.00939087,0.00990099,0.509178,0.404123
0.0674075,0.00939097,0.00990099,0.509176,0.404124
0.0674041,0.00939051,0.00990099,0.509374,0.40393
0.0673628,0.0093624,0.00990099,0.509285,0.404089
0.0673627,0.00936239,0.00990099,0.509197,0.404177
0.0673392,0.00936266,0.00990099,0.509407,0.40399
0.0673591,0.00936542,0.00990099,0.509343,0.404032
0.0673478,0.00934512,0.00990099,0.509418,0.403988
0.0673013,0.00934569,0.00990099,0.509492,0.40396
0.0672672,0.00932232,0.00990099,0.509751,0.403759
0.0671887,0.00932194,0.00990099,0.509949,0.40364
0.0671493,0.00932348,0.00990099,0.509945,0.403682
0.0670889,0.00929655,0.00990099,0.510155,0.403559
0.0670947,0.00929736,0.00990099,0.510168,0.403539
0.0671,0.00929808,0.00990099,0.510066,0.403635
0.0677353,0.00929106,0.00990099,0.509746,0.403327
0.0676982,0.00926755,0.00990099,0.509883,0.403251
0.0676484,0.00926767,0.00990099,0.509912,0.403271
0.0676246,0.00924607,0.00990099,0.509832,0.403397
0.0675873,0.00924442,0.00990099,0.510041,0.403226
